3.0906495065464896
1.1525579140626665
0.9794031866035521
0.803935100661695
0.9131096730055712
0.7797525521412252
0.876016057595352
0.7322338778971311
0.8155189498741243
0.6699698013187211
0.741082526619682
0.6014693301128252
0.661757287849653
0.5322589272116903
0.5832491519451573
0.46569190005992245
0.5088800303202472
0.4037085251986739
0.44045402228410113
0.3473279055713622
0.37881249640130044
0.2969544414112883
0.32417593456743843
0.2525842749780929
0.2773273086531333
0.213950725208081
0.24256297144651398
0.18062928870797515
0.2128302344458516
0.15211291169999433
0.18751095976083226
0.1278647985078461
0.16602080841074768
0.10735405904014093
0.14782524429675148
0.09007836978771691
0.13244610884957314
0.07557702794534213
0.11946243652303541
0.06343713315560924
0.10850792713797125
0.05329507202466873
0.09926664989179915
0.05064711365044626
0.09146797645107914
0.049781930962764766
0.08488134928265705
0.04899715159255391
0.07931123146161685
0.048281685465378046
0.07459242082747206
0.04762606676095505
0.07058580526202003
0.04702223489470227
0.06717457756331502
0.04646333478035112
0.06426090890872062
0.04594354344252666
0.06176303895795308
0.04545791264318731
0.05961275914582769
0.04500223551365869
0.057753247368763055
0.04457293154821306
0.056137217405523125
0.044166948653728416
0.05472534619097571
0.04378168009805605
0.053484944638449626
0.04341489443884344
0.05238883956688527
0.043064676546653025
0.051414435942648315
0.04272937807295842
0.05054293622831981
0.04240757590475434
0.04975868869305395
0.04209803734479608
0.04904864729782184
0.04179969093526875
0.04840192396813186
0.04151160200718092
0.047809418173174294
0.041232952178453346
0.047263510716972046
0.040963022152338546
0.046757810808303046
0.040701177256692006
0.046286947207303794
0.04044685530102866
0.04584639574793278
0.04019955632818314
0.04543233688608445
0.039958833977952045
0.04504153798164395
0.03972428818012716
0.044671255967674725
0.039495558975519145
0.0443191568016991
0.03927232126507487
0.04398324877767246
0.039054280394631914
0.04366182706474108
0.03884116813713941
0.04335342799372059
0.03863273977255288
0.04305679072479938
0.03842877107110148
0.04277082551987253
0.03822905597297748
0.042494587249144074
0.03803340452988203
0.04222725323592009
0.037841641059979565
0.04196810485706084
0.03765360276123489
0.04171651193144159
0.03746913816860517
0.04147191984519087
0.03728810618675453
0.04123383858856905
0.03711037496855174
0.04100183347957814
0.036935821043517315
0.040775517557754805
0.03676432854483255
0.040554544926352784
0.03659578851826292
0.04033860523338836
0.03643009831607812
0.04012741896203184
0.03626716106170763
0.03992073339598622
0.03610688516395653
0.03971831926754818
0.0359491838978205
0.039519967759732384
0.03579397502745543
0.039325488093230054
0.035641180458934774
0.039134705337629944
0.035490725936491316
0.03894745857789849
0.03534254076586277
0.03876359932956786
0.035196557565947216
0.03858299016606596
0.035052712043426984
0.03840550352932275
0.034910942787216584
0.03823102069956989
0.034771191082225844
0.038059430884835384
0.03463340073924957
0.037890630451851676
0.034497517939395456
0.03772452222677587
0.03436349109148913
0.03756101489416115
0.034231270701138634
0.037400022465000946
0.03410080925029316
0.03724146380606094
0.033972061085569466
0.03708526222613552
0.03384498231638985
0.036931345105673835
0.03371953071944379
0.03677964356831091
0.03359566565031968
0.03663009221425526
0.033473348025640934
0.036482628750748314
0.03335253999028716
0.036337193918352745
0.03323320523311435
0.03619373116992093
0.03311530866147441
0.036052186506791574
0.03299881640469094
0.03591250830603229
0.03288369575633111
0.035774647162885365
0.03276991512382201
0.03563855575115968
0.03265744397603083
0.03550418869045796
0.03254625311145323
0.035371502602575086
0.03243631344300909
0.03524045530662209
0.03232759732574067
0.03511100669761736
0.03222007818912047
0.03498311812411429
0.03211373012187076
0.03485675233425729
0.03200852802097209
0.034731873439461325
0.031904447560274836
0.03460844684364894
0.03180146516099109
0.03448643918116708
0.03169955794998228
0.03436581824487768
0.0315987037450084
0.03424655327772673
0.03149888102323245
0.03412861348651862
0.03140006889291232
0.03401197019552672
0.03130224706998454
0.033896595303517775
0.031205395855457462
0.033782461618998
0.031109496113090353
0.03366954281687623
0.03101452924824323
0.03355781340313515
0.030920477187861548
0.033447248679463484
0.030827322361338054
0.03333782469636059
0.030735047682340318
0.033229518241336485
0.030643636531406556
0.033122306794780676
0.03055307273933513
0.03301616850484325
0.030463340571862552
0.03291108216276365
0.030374424728155953
0.03280702716536443
0.030286310266354314
0.03270398351201371
0.030198982691958275
0.03260193177682914
0.030112427843885285
0.032500866857195325
0.03002662125814121
0.032680697293134636
0.030204372393629893
0.032305255690049224
0.030065455899109167
0.032211403679650794
0.029386478860344678
0.03210952965699063
0.029236777433155954
0.0320106477693122
0.029092762635251183
0.03135896763531103
0.028336863628300825
0.031243531918175086
0.028638091809646993
0.031150432041498175
0.02800839877299333
0.0305498766514464
0.02738745876851416
0.02997700829233507
0.02689388740028548
0.029770355467866143
0.026510551946559286
0.029612641357921216
0.02547879795133092
0.02887376905474488
0.025327484832149992
0.02696254102171414
0.03011758669994942
0.05174675650123176
0.07138840779432915
0.2323509389342301
0.31061925802462825
0.17288237050840174
0.3115560469732485
0.1467607864321369
0.3173065471542952
0.16789612990534253
0.3212175481687036
0.1562408385621845
0.322857062364372
0.14600090191075257
