X,Yaw_0.0,Yaw_-0.5,Yaw_-1.0,Yaw_-1.5,Yaw_-2.0,Yaw_-2.5,Yaw_0.5,Yaw_1.0,Yaw_1.5,Yaw_2.0,Yaw_2.5
-59.130434783,3.683855062062467e-07,3.683855062062467e-07,3.683855062062467e-07,3.683855062062467e-07,3.683855062062467e-07,3.683855062062467e-07,3.683855062062467e-07,3.683855062062467e-07,3.683855062062467e-07,3.683855062062467e-07,3.683855062062467e-07
-58.550724638,3.683855062062467e-07,3.683855062062467e-07,3.683855062062467e-07,3.683855062062467e-07,3.683855062062467e-07,3.683855062062467e-07,3.683855062062467e-07,3.683855062062467e-07,3.683855062062467e-07,3.683855062062467e-07,3.683855062062467e-07
-57.971014493,3.683855062062467e-07,3.683855062062467e-07,3.683855062062467e-07,3.683855062062467e-07,3.683855062062467e-07,3.683855062062467e-07,3.683855062062467e-07,3.683855062062467e-07,3.683855062062467e-07,3.683855062062467e-07,3.683855062062467e-07
-57.391304348,3.683855062062467e-07,3.683855062062467e-07,3.683855062062467e-07,3.683855062062467e-07,3.683855062062467e-07,3.683855062062467e-07,3.683855062062467e-07,3.683855062062467e-07,3.683855062062467e-07,3.683855062062467e-07,3.683855062062467e-07
-56.811594203,3.683855062062467e-07,3.683855062062467e-07,3.683855062062467e-07,3.683855062062467e-07,3.683855062062467e-07,3.683855062062467e-07,3.683855062062467e-07,3.683855062062467e-07,3.683855062062467e-07,3.683855062062467e-07,3.683855062062467e-07
-56.231884058,3.683855062062467e-07,3.683855062062467e-07,3.683855062062467e-07,3.683855062062467e-07,3.683855062062467e-07,3.683855062062467e-07,3.683855062062467e-07,3.683855062062467e-07,3.683855062062467e-07,3.683855062062467e-07,3.683855062062467e-07
-55.652173913,3.683855062062467e-07,3.683855062062467e-07,3.683855062062467e-07,3.683855062062467e-07,3.683855062062467e-07,3.683855062062467e-07,3.683855062062467e-07,3.683855062062467e-07,3.683855062062467e-07,3.683855062062467e-07,3.683855062062467e-07
-55.072463768,3.683855062062467e-07,3.683855062062467e-07,3.683855062062467e-07,3.683855062062467e-07,3.683855062062467e-07,3.683855062062467e-07,3.683855062062467e-07,3.683855062062467e-07,3.683855062062467e-07,3.683855062062467e-07,3.683855062062467e-07
-54.492753623,3.683855062062467e-07,3.683855062062467e-07,3.683855062062467e-07,3.683855062062467e-07,3.683855062062467e-07,3.683855062062467e-07,3.683855062062467e-07,3.683855062062467e-07,3.683855062062467e-07,3.683855062062467e-07,3.683855062062467e-07
-53.913043478,3.683855062062467e-07,3.683855062062467e-07,3.683855062062467e-07,3.683855062062467e-07,3.683855062062467e-07,3.683855062062467e-07,3.683855062062467e-07,3.683855062062467e-07,3.683855062062467e-07,3.683855062062467e-07,3.683855062062467e-07
-53.333333333,3.683855062062467e-07,3.683855062062467e-07,3.683855062062467e-07,3.683855062062467e-07,3.683855062062467e-07,3.683855062062467e-07,3.683855062062467e-07,3.683855062062467e-07,3.683855062062467e-07,3.683855062062467e-07,3.683855062062467e-07
-52.753623188,3.683855062062467e-07,3.683855062062467e-07,3.683855062062467e-07,3.683855062062467e-07,3.683855062062467e-07,3.683855062062467e-07,3.683855062062467e-07,3.683855062062467e-07,3.683855062062467e-07,3.683855062062467e-07,3.683855062062467e-07
-52.173913043,3.683855062062467e-07,3.683855062062467e-07,3.683855062062467e-07,3.683855062062467e-07,3.683855062062467e-07,3.683855062062467e-07,3.683855062062467e-07,3.683855062062467e-07,3.683855062062467e-07,3.683855062062467e-07,3.683855062062467e-07
-51.594202899,3.683855062062467e-07,3.683855062062467e-07,3.683855062062467e-07,3.683855062062467e-07,3.683855062062467e-07,3.683855062062467e-07,3.683855062062467e-07,3.683855062062467e-07,3.683855062062467e-07,3.683855062062467e-07,3.683855062062467e-07
-51.014492754,3.683855062062467e-07,3.683855062062467e-07,3.683855062062467e-07,3.683855062062467e-07,3.683855062062467e-07,3.683855062062467e-07,3.683855062062467e-07,3.683855062062467e-07,3.683855062062467e-07,3.683855062062467e-07,3.683855062062467e-07
-50.434782609,3.683855062062467e-07,3.683855062062467e-07,3.683855062062467e-07,3.683855062062467e-07,3.683855062062467e-07,3.683855062062467e-07,3.683855062062467e-07,3.683855062062467e-07,3.683855062062467e-07,3.683855062062467e-07,3.683855062062467e-07
-49.855072464,3.683855062062467e-07,3.683855062062467e-07,3.683855062062467e-07,3.683855062062467e-07,3.683855062062467e-07,3.683855062062467e-07,3.683855062062467e-07,3.683855062062467e-07,3.683855062062467e-07,3.683855062062467e-07,3.683855062062467e-07
-49.275362319,3.683855062062467e-07,3.683855062062467e-07,3.683855062062467e-07,3.683855062062467e-07,3.683855062062467e-07,3.683855062062467e-07,3.683855062062467e-07,3.683855062062467e-07,3.683855062062467e-07,3.683855062062467e-07,3.683855062062467e-07
-48.695652174,3.683855062062467e-07,3.683855062062467e-07,3.683855062062467e-07,3.683855062062467e-07,3.683855062062467e-07,3.683855062062467e-07,3.683855062062467e-07,3.683855062062467e-07,3.683855062062467e-07,3.683855062062467e-07,3.683855062062467e-07
-48.115942029,3.683855062062467e-07,3.683855062062467e-07,3.683855062062467e-07,3.683855062062467e-07,3.683855062062467e-07,3.683855062062467e-07,3.683855062062467e-07,3.683855062062467e-07,3.683855062062467e-07,3.683855062062467e-07,3.683855062062467e-07
-47.536231884,3.683855062062467e-07,3.683855062062467e-07,3.683855062062467e-07,3.683855062062467e-07,3.683855062062467e-07,3.683855062062467e-07,3.683855062062467e-07,3.683855062062467e-07,3.683855062062467e-07,3.683855062062467e-07,3.683855062062467e-07
-46.956521739,3.683855062062467e-07,3.683855062062467e-07,3.683855062062467e-07,3.683855062062467e-07,3.683855062062467e-07,3.683855062062467e-07,3.683855062062467e-07,3.683855062062467e-07,3.683855062062467e-07,3.683855062062467e-07,3.683855062062467e-07
-46.376811594,3.683855062062467e-07,3.683855062062467e-07,3.683855062062467e-07,3.683855062062467e-07,3.683855062062467e-07,3.683855062062467e-07,3.683855062062467e-07,3.683855062062467e-07,3.683855062062467e-07,3.683855062062467e-07,3.683855062062467e-07
-45.797101449,3.683855062062467e-07,3.683855062062467e-07,3.683855062062467e-07,3.683855062062467e-07,3.683855062062467e-07,3.683855062062467e-07,3.683855062062467e-07,3.683855062062467e-07,3.683855062062467e-07,3.683855062062467e-07,3.683855062062467e-07
-45.217391304,3.683855062062467e-07,3.683855062062467e-07,3.683855062062467e-07,3.683855062062467e-07,3.683855062062467e-07,3.683855062062467e-07,3.683855062062467e-07,3.683855062062467e-07,3.683855062062467e-07,3.683855062062467e-07,3.683855062062467e-07
-44.637681159,3.683855062062467e-07,3.683855062062467e-07,3.683855062062467e-07,3.683855062062467e-07,3.683855062062467e-07,3.683855062062467e-07,3.683855062062467e-07,3.683855062062467e-07,3.683855062062467e-07,3.683855062062467e-07,3.683855062062467e-07
-44.057971014,3.683855062062467e-07,3.683855062062467e-07,3.683855062062467e-07,3.683855062062467e-07,3.683855062062467e-07,3.683855062062467e-07,3.683855062062467e-07,3.683855062062467e-07,3.683855062062467e-07,3.683855062062467e-07,3.683855062062467e-07
-43.47826087,3.683855062062467e-07,3.683855062062467e-07,3.683855062062467e-07,3.683855062062467e-07,3.683855062062467e-07,3.683855062062467e-07,3.683855062062467e-07,3.683855062062467e-07,3.683855062062467e-07,3.683855062062467e-07,3.683855062062467e-07
-42.898550725,3.683855062062467e-07,3.683855062062467e-07,3.683855062062467e-07,3.683855062062467e-07,3.683855062062467e-07,3.683855062062467e-07,3.683855062062467e-07,3.683855062062467e-07,3.683855062062467e-07,3.683855062062467e-07,3.683855062062467e-07
-42.31884058,0.00029402632870266564,0.0002924906025328282,0.00028765792001324167,0.00027967542853074166,0.00026878334037179204,0.0002553029470929385,0.0002922199040974061,0.0002871250611092723,0.00027889646865542767,0.0002677811901737905,0.0002541061719956618
-41.739130435,0.00010897752845856494,0.00010847822557515575,0.00010674040730837263,0.00010381710616152956,9.979759842736634e-05,9.480129217839104e-05,0.00010822353404103947,0.00010623885821035163,0.00010308428590271715,9.885448873318284e-05,9.367425112324809e-05
-41.15942029,3.0350094583255588e-05,3.0346467443269138e-05,3.0020926841844156e-05,2.9382573725693423e-05,2.8450694132426905e-05,2.7252067386485927e-05,3.0031737375582764e-05,2.940072152865042e-05,2.8475688138173615e-05,2.7282773844448167e-05,2.5855298434604735e-05
-40.579710145,0.00021587141818758628,0.00021496537298902897,0.00021173886913876833,0.00020628758047707934,0.00019877180464986525,0.00018940902051568009,0.0002144305611187367,0.00021068473288480863,0.0002047445094027577,0.0001967840242614975,0.00018703204742381187
-40.0,0.0007776776864399029,0.0007738665263387555,0.0007615368326319158,0.000741059578721059,0.0007130419062655982,0.0006783021056148943,0.0007728584049619801,0.0007595501959424258,0.0007381504414110346,0.0007092951263410894,0.0006738247290435338
-39.420289855,0.001715738297311884,0.0017070406208362413,0.0016793884392742211,0.0016336181590469664,0.0015710930377918814,0.00149364682070463,0.0017052255075421542,0.0016758125571461693,0.001628382542867189,0.0015643523289873736,0.0014855971894566545
-38.84057971,0.002884776685503409,0.0028700406125910165,0.0028232707022558916,0.002745885776469178,0.002640197559656934,0.002509313573726347,0.0028670448170648095,0.0028173702489834172,0.00273724942906537,0.0026290825277010435,0.0024960475174195113
-38.260869565,0.0040196762916232835,0.003999236018864283,0.003933995639398542,0.003825938223269781,0.003678298832830498,0.003495426372362713,0.0039947141480636515,0.00392509103984697,0.003812909383696485,0.0036615359413168192,0.0034754277094011603
-37.68115942,0.0048199727297793165,0.0047958170006378075,0.004717784574630856,0.004588250932930362,0.004411101003900534,0.004191560543287461,0.0047895402285191785,0.004705425577147653,0.004570173581136744,0.00438784860720394,0.004163827527614063
-37.101449275,0.00506384886396487,0.005039137042684425,0.004957676032917815,0.0048219488301797534,0.004636032663987878,0.004405418929672729,0.005031084363052329,0.004941821183739651,0.004798764267428639,0.004606216497848419,0.004369863093466991
-36.52173913,0.004701911448441962,0.004679961301966624,0.004605183078958767,0.004479858770122049,0.004307759276891408,0.004093974416008722,0.00467038893769503,0.004586336342139612,0.004452304560959564,0.00427232760894035,0.004051724229530952
-35.942028986,0.003883949619970006,0.003867091599365122,0.0038064718815733925,0.003703942675891646,0.0035625948649606596,0.003386614971588344,0.0038565525528957904,0.00378572129603451,0.003673608774222559,0.003523590615955033,0.0033401023971411045
-35.362318841,0.0028995874662225123,0.002888388729929221,0.002844409706643467,0.002768996081970464,0.0026644267619084535,0.0025338048913426904,0.002877679861632749,0.0028233235254162894,0.0027381732191768633,0.0026247932339046216,0.002486535430592501
-34.782608696,0.0020544600996634218,0.0020476914681728537,0.002017611963563612,0.001965143464105867,0.00189187596547807,0.0017999890895939643,0.0020377219857023775,0.001997980081000138,0.0019364459200094297,0.0018549728982918906,0.0017559669122974642
-34.202898551,0.0015377889301060666,0.0015331768995745741,0.0015110755233212706,0.0014721630121800249,0.0014176207748108163,0.0013490750215363523,0.001524777998241368,0.0014945348750615823,0.0014479819689288513,0.0013865224313499038,0.001311967573113243
-33.623188406,0.0013471596513374468,0.001342576105807784,0.0013226831177787122,0.0012880912385356174,0.0012398497052684195,0.001179397499508125,0.0013362991785020463,0.001310320274013316,0.001270014530631414,0.0012165990607982448,0.001151646120073921
-33.043478261,0.0013133191265013349,0.0013078073921643373,0.001287403962003442,0.0012527350136719874,0.0012048493642996545,0.0011451738843830791,0.0013037756097733593,0.001279462507985489,0.0012411194481090147,0.0011899075252356866,0.0011273352536301723
-32.463768116,0.0012177120110521517,0.0012117901503997588,0.0011920742675955195,0.001159169980861294,0.0011140704865132422,0.001058118325105544,0.0012096633500756951,0.0011878851502529545,0.001153038981489486,0.0011061837199360703,0.001048702658051666
-31.884057971,0.0009406718304242118,0.0009357221672083336,0.000920101802469828,0.0008942918282321485,0.0008590701488195257,0.0008154849302364642,0.0009348030751395937,0.0009182920966895711,0.0008916397916036124,0.0008556599021746181,0.0008114181991893576
-31.304347826,0.0005513416102090992,0.0005484267684341623,0.0005392278094001169,0.000524029732420303,0.000503290098111991,0.00047762602864699383,0.0005478854346822192,0.0005381626073221622,0.0005224673609641195,0.000501282346800557,0.0004752381298738232
-30.724637681,0.000275652661059908,0.00027448693588112824,0.0002701668918945581,0.0002628273308417372,0.00025268887016808547,0.00024005175037541339,0.0002736296708983104,0.0002684792310572426,0.0002603562082986711,0.00024951098117213463,0.0002362672090672506
-30.144927536,0.00034993624611977806,0.0003487133261266788,0.00034356292489875047,0.00033464251825732856,0.0003222199715440158,0.0003066594142548509,0.000347196045425455,0.0003405744775014385,0.0003302705482456631,0.0003165938897660084,0.00029994718344672114
-29.565217391,0.0008445529186753822,0.0008408464476228657,0.0008277359713823676,0.0008056183440197624,0.0007751580843415069,0.0007372496583869715,0.0008387461966552577,0.0008235983746191965,0.0007995670002265254,0.0007673685249587602,0.0007279467936919597
-28.985507246,0.0015729471361059417,0.00156521863029302,0.0015399741918124044,0.0014979776442256329,0.0014404910756472228,0.0013692067787102343,0.0015629310310292242,0.0015354671936379791,0.0014913872250855052,0.001432006952320178,0.001359068542170451
-28.405797101,0.0021603253518603176,0.0021491137791030605,0.0021138169458675424,0.0020555036087688758,0.001975926363700398,0.0018774318064184836,0.0021471193297345477,0.002109887813991652,0.0020497596350312094,0.0019685333341898574,0.001868595361954178
-27.826086957,0.002251633940872888,0.00223958223032795,0.0022023903802817716,0.0021411854234466053,0.0020578069112586516,0.0019547171034756177,0.0022381879424975657,0.002199644463829521,0.0021371731527984198,0.002052646352488478,0.0019485510026126113
-27.246376812,0.0017451275315191145,0.0017356349155058758,0.0017066197022890584,0.0016589618702732758,0.001594093697123462,0.001513934020379105,0.0017348157221970162,0.001705007567550643,0.0016566082466608436,0.0015910715217107105,0.0015103285450829113
-26.666666667,0.000903821446004044,0.0008989692879453925,0.000883977240172351,0.0008593004072498418,0.0008256798763752596,0.0007841126031950683,0.0008983895654188104,0.0008828369614854756,0.0008576358604567185,0.0008235454625073809,0.0007815718760631662
-26.086956522,0.00025118615313936087,0.0002501623256214354,0.0002463261813266419,0.00023979398726687174,0.00023076029645246917,0.00021949284493036472,0.00024936733175969644,0.000244760828628268,0.00023750512183093282,0.00022781891422248875,0.000215986549686971
-25.507246377,0.000279891201179339,0.0002790238762549716,0.00027512209913846993,0.0002683026189791442,0.00025876644465508457,0.0002467885911545582,0.0002776989019142022,0.0002725109046693836,0.0002644808191739559,0.0002538451666336046,0.00024090924127865166
-24.927536232,0.0011289415663676952,0.0011235975110003727,0.0011058756451033042,0.0010763095986490816,0.0010357808817776015,0.0009854693419687943,0.0011217506392333903,0.0011022345949962206,0.0010709791955179479,0.0010289107535570825,0.0009772513897215536
-24.347826087,0.0024347268485115795,0.0024221489496751387,0.002382746780107008,0.0023177090230343126,0.002228979721011152,0.0021191521458283243,0.0024201097123856107,0.0023787260584602365,0.002311823475858747,0.0022213915849565798,0.0021100692676894054
-23.768115942,0.003485649895689419,0.003467023330611386,0.003409919662159466,0.003316062431197683,0.0031882589496706553,0.0030302505730573958,0.0034652501050933915,0.003406423716940078,0.003310947489111075,0.003181665043678421,0.003022356046458441
-23.188405797,0.0036316952824136297,0.003611947663572798,0.0035520881254920214,0.003453922957254477,0.003320387966933084,0.00315539462628178,0.003610748993090983,0.0035497258310669333,0.003450470725179119,0.0033159412044734783,0.0031500734438525096
-22.608695652,0.0027200918890634314,0.00270519426622533,0.002660273957691289,0.0025866849774638444,0.0024866262001128313,0.0023630278764803997,0.002704528482576575,0.002658963193140608,0.002584774263447503,0.002484170985817647,0.0023600966190142434
-22.028985507,0.0012703613774649636,0.0012635342562059572,0.0012427350842838883,0.0012085887879306942,0.0011621128708372245,0.0011046659859006293,0.0012630164975579892,0.0012417165152433737,0.0012071053838067568,0.0011602104664671414,0.0011024008893523272
-21.449275362,0.00022938737707447774,0.00022857677315421963,0.00022529502333696062,0.00021963929386783915,0.00021177579528918643,0.0002019322105856588,0.00022770393055905955,0.00022357592436108377,0.00021712689620927736,0.00020854457409675902,0.00019807551996451516
-20.869565217,0.0004043060424570196,0.00040281230757209405,0.00039684272491768405,0.0003865793720438784,0.00037233075660392636,0.00035451665419223465,0.00040127960004138446,0.0003938216657811186,0.0003821558426830538,0.00036663001165129587,0.00034769707807926495
-20.289855072,0.0019039504038621702,0.0018942605560109233,0.0018633918138839067,0.0018122833478140107,0.0017424721673953798,0.0016560152236709343,0.0018921736790524963,0.0018592773311144636,0.0018062549118601746,0.0017346965023105282,0.0016467030844077026
-19.710144928,0.003966647368491614,0.003945363440165972,0.0038799786989273362,0.0037724787501956505,0.0036260930314307655,0.0034451314350736114,0.003943199853505383,0.003875712959727993,0.003766228135855069,0.003618028938572635,0.003435469173307235
-19.130434783,0.005351551532868603,0.0053222320773788365,0.005233463422620079,0.005087937820690808,0.004890023198254607,0.0046455431758034025,0.005320554543519158,0.005230156970183888,0.005083095070100231,0.004883778185694863,0.0046380617703146365
-18.550724638,0.005116516682416085,0.005088167292500801,0.005003044148065646,0.004863725579572867,0.004674389269577622,0.00444060302887758,0.005087255401006807,0.005001248784374048,0.004861101108763848,0.004671012657769821,0.004436566095514257
-17.971014493,0.0033113696674804413,0.0032929443719129326,0.003237847034036867,0.003147743308055094,0.0030253313501284696,0.002874207744773455,0.0032925807163938733,0.0032371338555498407,0.003146708380209754,0.0030240123286063595,0.002872646410890418
-17.391304348,0.0010932533810658728,0.0010873538742727233,0.0010693974800543766,0.001039924626431242,0.0009998153728631833,0.0009502464650056532,0.0010869239812817573,0.0010685540500306278,0.0010387001805190453,0.0009982549032584147,0.0009484027563972889
-16.811594203,8.63251056123245e-05,8.63833409327825e-05,8.542867116095405e-05,8.349094188341038e-05,8.063049029506523e-05,7.69352124675298e-05,8.525603020150999e-05,8.320957491087856e-05,8.024872534189432e-05,7.646391314500887e-05,7.196824345446041e-05
-16.231884058,0.0013064228775733749,0.0012999358136120856,0.0012786303662670737,0.0012431612133133071,0.001194605515549872,0.0011344073661450952,0.001297896747495731,0.0012746126914152185,0.0012372794307016516,0.0011870262308219413,0.0011253436138458702
-15.652173913,0.004338194649931284,0.00431472637732836,0.004242467176691871,0.0041236244783713705,0.003961788597709167,0.003761749637666668,0.004312171956837494,0.004237433035856989,0.004116249826334712,0.003952276281963845,0.0037503603712115184
-15.072463768,0.007400943155803135,0.007359951390034225,0.0072359200290114225,0.00703263084932626,0.006756215960479591,0.006414846252953706,0.0073576757989657765,0.00723143626039388,0.0070260624286683174,0.006747741973641721,0.006404696942681052
-14.492753623,0.008420178057127463,0.0083729326036551,0.00823126802136798,0.007999500154215786,0.007684616770451653,0.007295922781844204,0.008371601022983906,0.00822864673466268,0.007995664307295959,0.007679673291859136,0.007290008292588127
-13.913043478,0.006511777741001976,0.00647487529182988,0.006364900149741786,0.006185202023171898,0.005941200142767822,0.005640107463804847,0.006474512752382521,0.006364190362706372,0.006184172114561459,0.005939885642757921,0.005638551889872111
-13.333333333,0.002863916749980965,0.002847613496609662,0.0027990548134660047,0.0027197208432613294,0.0026120082951748167,0.0024791072860986386,0.002847481676999419,0.0027987997263256214,0.0027193601431319252,0.002611563661671975,0.0024786033441091676
-12.753623188,0.00024203320734176602,0.00024110516499679778,0.00023736604610835976,0.00023093078386481189,0.00022199675524456062,0.00021083295531012318,0.00024012298500130123,0.00023543322897748422,0.00022810994092515053,0.0002183770951499002,0.00020652564312987715
-12.173913043,0.0012072098564080895,0.0012017243040483778,0.001182924805007256,0.0011513796365561046,0.001108030091388622,0.0010541453107523625,0.001199218488119525,0.0011779870558858176,0.0011441496931620832,0.0010987133220768481,0.0010430029984226758
-11.594202899,0.006118355144923239,0.006085826923162939,0.005985493563925851,0.005820394530522935,0.005595472675856542,0.005317331262172421,0.006082113671551925,0.005978175979098715,0.005809671005757507,0.0055816380642047855,0.005300763683714885
-11.014492754,0.0123826503337059,0.012314763660182786,0.01210943885288745,0.01177289776558483,0.011315224580155925,0.010749865778258415,0.012311087909213746,0.012102198090464396,0.011762284741058567,0.011301528101795206,0.010733458654017286
-10.434782609,0.015811541582714934,0.015723579071768513,0.015460035384152254,0.015028894674219655,0.014443078197919065,0.013719799220207454,0.015721319828681326,0.01545559116592461,0.01502238397394518,0.014434680606222307,0.013709749367536146
-9.8550724638,0.013554246748485271,0.013478084198165236,0.013251430964190358,0.012881148657035064,0.012378332168522512,0.011757750671536784,0.01347766770503984,0.013250622023958856,0.012879973381047825,0.01237683175683956,0.011755982491871052
-9.2753623188,0.006749941530407871,0.006711811920490502,0.006598834163740613,0.006414422010359666,0.006164095782150535,0.0058551987440033084,0.006712099104685888,0.006599410993788893,0.0064152836399478325,0.006165234126327862,0.005856605703807371
-8.6956521739,0.0007575620800055338,0.0007539809870328357,0.0007420857490333263,0.0007222316650378072,0.0006950091809723012,0.0006612104197385636,0.0007527252994789047,0.0007396156249020741,0.00071862638784365,0.0006903820045058066,0.0006557042797539122
-8.115942029,0.002081686583555007,0.0020722450075756076,0.002039516579257677,0.0019845039020028677,0.001908865698155608,0.0018148440625161768,0.002067558060708796,0.002030276186534531,0.0019709663682278434,0.0018914064701344357,0.0017939367078494389
-7.5362318841,0.013411252300617836,0.013339370551587324,0.013117836507191354,0.01275339774182681,0.012257012581667172,0.01164333513079988,0.013331343673028595,0.013102010372629253,0.012730195349155045,0.01222706188991496,0.011607428880523978
-6.9565217391,0.030103980462239183,0.02993806925566578,0.029436507436540825,0.028614548080475127,0.027496887454592108,0.02611648575042508,0.02992931706628962,0.029419257805783146,0.02858925362500236,0.027464230431222533,0.026077326773388254
-6.3768115942,0.04143785443411898,0.0412063497281324,0.040513000440829276,0.039378874178362354,0.03783803208548083,0.03593589097790954,0.04120065333205204,0.040501787536862656,0.03936243692896297,0.037816825189250065,0.035910485139872654
-5.7971014493,0.037464344291114775,0.03725279908302174,0.036623782090843084,0.03559639216442367,0.034201474202080764,0.03248012988019377,0.03725215712402393,0.036622545303681954,0.03559460124417882,0.03419921350272735,0.03247749913188063
-5.2173913043,0.01844840300610719,0.01834323812844758,0.01803249014396664,0.01752558385886129,0.01683773124425489,0.01598919387510817,0.018344881746326903,0.01803576178537643,0.017530429546776364,0.016844083362208176,0.015996959283228904
-4.6376811594,0.0010258727282079238,0.0010223034210648913,0.0010071461031917167,0.0009808581170778728,0.0009442305813546166,0.0008983457580315932,0.0010177565421648483,0.0009982036871877156,0.0009678156795779192,0.0009275132814119002,0.0008784880252849887
-4.0579710145,0.015575000956048819,0.015498133820593629,0.0152473448441605,0.014830277968824957,0.014259484485873018,0.013551804162277463,0.01547566037696214,0.015203045719140752,0.014765395069363823,0.014175816842492158,0.01345163524699531
-3.4782608696,0.0934453025054084,0.09294196866971821,0.09139688516097866,0.08885704548748902,0.08539877299196276,0.08112399562071619,0.09289194230971953,0.0912982627421218,0.08871248528796799,0.08521215884664192,0.08090026539810065
-2.8985507246,0.24880439397885942,0.24743733385655342,0.24329751419139492,0.23651076389222347,0.22728094665609644,0.2158800243451688,0.247358142551577,0.24314142199588898,0.2362818903515344,0.22698536027676808,0.21552544496292952
-2.3188405797,0.46446297651820445,0.46188650218955307,0.45413471408225786,0.4414431394126302,0.42419293302740696,0.4028923046215196,0.4617877547992906,0.4539401395337379,0.44115778728963173,0.4238243122903799,0.4024499697620713
-1.7391304348,0.6908636517141273,0.6870075197479194,0.6754541290965658,0.6565544216192613,0.6308759119232782,0.599175032985939,0.6869082578671608,0.6752586505104603,0.6562677072004053,0.6305054665229813,0.5987304069068534
-1.1594202899,0.8616157026355914,0.856783600310765,0.842352467618447,0.8187605659714414,0.7867162211223502,0.7471633020288205,0.8567056425239231,0.84219911254701,0.8185356128895284,0.786425532658397,0.7468143392362868
-0.57971014493,0.9201025930382241,0.9149212425265317,0.8994898360219326,0.8742769213520676,0.8400394118058863,0.7977856886406196,0.9148804658914068,0.8994098808859469,0.8741596264770677,0.8398878215144034,0.7976036777172781
0.0,0.8447179161517906,0.8399424502016206,0.8257571630325378,0.8025926828941606,0.7711443520566269,0.7323383210933833,0.8399422093680889,0.8257571626325014,0.802592682309695,0.7711443512944903,0.7323383201979201
0.57971014493,0.6596570957248478,0.6559126719708449,0.6448202440194603,0.6267164773322935,0.6021447388920859,0.571828591577328,0.6559427270918398,0.6448799370949614,0.6268040655643068,0.6022579713566225,0.5719646023245413
1.1594202899,0.42496808501606764,0.4225446807324766,0.4153877002613713,0.4037143069610098,0.3878748149844196,0.36833558888847723,0.4225862468672106,0.4154699908325176,0.4038350728021655,0.3880309771007712,0.36852322619114053
1.7391304348,0.21036967337148862,0.20916312059114345,0.2056134384787737,0.1998282918951717,0.19198125421507503,0.18230332036867078,0.20919744290449074,0.20568132300938088,0.1999279478730218,0.1921101785690613,0.18245832448786428
2.3188405797,0.06607982777926727,0.06569819703686874,0.06458061099936761,0.06276093933970682,0.06029375614176724,0.057251656288566405,0.06571424364813062,0.06461235112494486,0.06280758266454288,0.06035418688065021,0.05732445124522193
2.8985507246,0.005335439789428976,0.00530655682518063,0.005218279665863544,0.005073272557891992,0.004875877511478862,0.004631888035154441,0.005304084463742927,0.005213435226273422,0.005066242111348223,0.004866930694507665,0.0046213636078305175
3.4782608696,0.006424089652188216,0.006394390870481952,0.006293163245976347,0.006123492205166462,0.0058904824846692455,0.00560100926377221,0.0063813746846428715,0.00626750399732065,0.006085911128466742,0.005842022281788045,0.005542989413053596
4.0579710145,0.030962429950097695,0.030794247617535454,0.030281250935305006,0.02943903336521573,0.028292890028533337,0.02687660180926263,0.030780810368927006,0.030254767836990052,0.02940022560362899,0.028242811368239806,0.02681658149850854
4.6376811594,0.04656993412434292,0.046310460528408516,0.045532367025514754,0.04425928778326225,0.04252944031818813,0.040393793923265565,0.04630310372858431,0.04551788932955215,0.044238078632315686,0.04250208423280485,0.040361019405304614
5.2173913043,0.04106956093213365,0.04083783914777527,0.04014875740121701,0.03902323710298468,0.037495054708125454,0.035609232309214256,0.04083706756809177,0.040147272907042675,0.03902108378714773,0.0374923206705098,0.035606013446381195
5.7971014493,0.022022527510794403,0.021897052743014435,0.021526309020730695,0.02092154817526968,0.020100911794017625,0.019088577794372147,0.02189902639643569,0.0215302328093684,0.020927330288361048,0.020108438346080053,0.019097690541521984
6.3768115942,0.005007751854490212,0.0049792435074413445,0.004894897023819002,0.004757270828028808,0.004570491036090375,0.004340065024352628,0.004979583402748658,0.004895586268311065,0.0047583116754367745,0.004571894925136716,0.004341838946652418
6.9565217391,0.00027720628603633817,0.0002771548064751934,0.00027390370487883253,0.00026755282900540014,0.00025829751289998653,0.00024641476828257957,0.00027405746936586906,0.00026780305754376906,0.00025863485686465534,0.0002468282006341829,0.00023273085331028393
7.5362318841,0.00664969670363417,0.006614695263555557,0.006505539562858629,0.006325545065950769,0.006080123791522639,0.005776503792918444,0.006609505857587011,0.006495308345090134,0.0063105658179673195,0.0060608109063879775,0.005753385812289246
8.115942029,0.015073409090773081,0.01499052318428898,0.014739753561260475,0.014328711063463288,0.013769738413856555,0.013079291472171411,0.014985956397026295,0.014730751550717661,0.014315530569588777,0.013752738205347169,0.013058928497094856
8.6956521739,0.01721968033780395,0.01712353998250596,0.016835728437967917,0.016364975728730188,0.0157254066418478,0.014935844613661936,0.017121305052930837,0.01683132840855251,0.01635854139675128,0.01571711709419388,0.014925925311435962
9.2753623188,0.011754104317693956,0.011687928407180628,0.011491030839397006,0.011169379011938185,0.010732614207981548,0.010193585107963806,0.011687603388798892,0.01149039863102643,0.01116846861872907,0.010731461816875383,0.01019223223810594
9.8550724638,0.003956965806638701,0.0039348115194921575,0.0038687619355196267,0.0037608144968757787,0.003614196572085695,0.0034332155952961937,0.003934572582920068,0.0038682976374640613,0.003760149010140536,0.003613362426614438,0.003432249884677915
10.434782609,0.00016526179329933512,0.00016521197719062704,0.00016338522099554594,0.00015983541741518915,0.00015466646399640336,0.0001480285648663089,0.0001635343945907484,0.00016008055615552512,0.00015500298535707762,0.00014844826860110902,0.00014060291998245386
11.014492754,0.0023283038517587936,0.0023166913737036592,0.0022790414286411264,0.0022165020061778945,0.0021309618823953957,0.0020249486193800637,0.002313533457618353,0.0022728153686907087,0.0022073838769025057,0.0021192035072621425,0.0020108694797783696
11.594202899,0.007082455302991605,0.007044006129097134,0.006926405821966324,0.006733233624169476,0.006470310208112851,0.006145396336948122,0.007040612000896561,0.006919714245016231,0.0067234320664189984,0.006457665747096964,0.0061302469915421945
12.173913043,0.009434225388034227,0.009381887614715258,0.009224104325179991,0.00896567547138512,0.00861438321240966,0.008180596491313284,0.00937956551706645,0.009219528778744716,0.008958977458720803,0.008605748410635777,0.008170256525522043
12.753623188,0.007299309327121829,0.007258358024187082,0.007135732245283422,0.006935163058826415,0.006662691151944545,0.006326364745519029,0.0072573724623796205,0.0071337942183955375,0.006932334266658728,0.006659058645467133,0.006322032364352564
13.333333333,0.002902750672035649,0.002886461788989744,0.0028375566124013278,0.002757525347810931,0.002648782431552858,0.00251454866769363,0.00288594084617088,0.0028365352990330148,0.002756042310351632,0.002646892681773654,0.0025123158263001743
13.913043478,0.0002256585297248866,0.00022492745313614624,0.00022156539114499133,0.00021567614373644764,0.00020744088861010182,0.00019710909937056218,0.00022373730634234323,0.00021922352764208264,0.00021225710910159097,0.00020305138994002487,0.0001918816541604836
14.492753623,0.00122002901432277,0.0012143280114672033,0.001195130006541,0.0011630146619646445,0.0011189440669018898,0.0010642083306309307,0.0012120649275690948,0.001190670978496383,0.0011564902007163026,0.0011105403155060012,0.0010541617534560843
15.072463768,0.004295721345120057,0.004272984262063049,0.004202691352815932,0.004086968030228263,0.003929280347483822,0.003734250815534671,0.004270231054962639,0.0041972648874515905,0.004079023343244659,0.003919037812397921,0.0037219903009911735
15.652173913,0.006179784948399225,0.006146229044397078,0.0060442604868976065,0.005876962229225696,0.0056493431704588894,0.005368077681458028,0.0061439377799571366,0.006039744729980375,0.005870351496844187,0.0056408214128873865,0.00535787515066728
16.231884058,0.005096767196462505,0.005068875609763125,0.004984643089141644,0.004846613596025807,0.004658914617807884,0.004427046382515229,0.0050674961306552335,0.004981925539818616,0.00484263900221485,0.004653798859021537,0.004420929472365181
16.811594203,0.0022289559622323068,0.0022169534386435614,0.002180426454037063,0.002120474557948664,0.002038884346446919,0.0019380413960289194,0.002216082119516235,0.0021787112556479462,0.0021179701297109645,0.0020356701584433663,0.0019342103826080577
17.391304348,0.00029226034652384393,0.000291253733921628,0.000287065404057078,0.0002798200850594605,0.00026973189629825046,0.00025709590706741797,0.0002900562966922908,0.0002847073708822241,0.0002763741666338274,0.0002653033429727028,0.00025181332949199227
17.971014493,0.0008351190513162758,0.000831330494773755,0.0008180549052552481,0.0007957000513705715,0.0007649470559411061,0.0007267144461954569,0.0008293056158644953,0.0008140655068134587,0.0007898631316341312,0.0007574299325230196,0.0007177287688724593
18.550724638,0.0029053723963891878,0.002890070300984925,0.0028420196371361315,0.002762688567671947,0.00265447961604295,0.0025206024272320213,0.0028874671279501577,0.0028368902498784676,0.002755180411949158,0.002644802684451964,0.002509024533687871
19.130434783,0.004213279212296074,0.004190462663577103,0.004120249255481518,0.0040047808495989904,0.0038475482563236035,0.0036532078768742988,0.004188016804081762,0.004115430358028364,0.0039977274430082034,0.0038384581397947807,0.003642331777740227
19.710144928,0.003461581591427106,0.0034426902853200436,0.00338483594179799,0.0032897826619548874,0.003160403582004578,0.0030005310037579482,0.0034409454871901558,0.003381399462393283,0.0032847555805147416,0.0031539311645561526,0.002992793990788711
20.289855072,0.001504956847420802,0.0014969310625138064,0.001471907559650716,0.00143064930926686,0.0013744050246929974,0.0013048444479195217,0.0014957449785736388,0.001469572485740595,0.0014272371242643387,0.0013700191607761212,0.0012996105480353633
20.869565217,0.00031334981712667295,0.0003122562197304249,0.0003076545060804742,0.00029968325831652304,0.00028858254841133155,0.0002746817199472068,0.00031090300422493997,0.0003049894750254829,0.0002957879184515039,0.0002835732225048758,0.00026870092218222194
21.449275362,0.0009341411124787033,0.0009300792025526278,0.0009157843233413807,0.0008916864233267111,0.0008585034140524926,0.0008172048782583703,0.0009278509492298459,0.0009113936607561621,0.0008852615020047176,0.0008502279279830963,0.000807308474600712
22.028985507,0.0025429050675706607,0.0025302962924427497,0.0024896430029039338,0.002422174512760638,0.002329907988031257,0.0022155466083942496,0.002527097020233887,0.002483337773069793,0.002412942278256109,0.0023180087734735793,0.002201307480569498
22.608695652,0.003432070153664127,0.0034146220724413498,0.0033592273802184216,0.003267563700925857,0.0031423749250321965,0.002987333106212865,0.0034110554482228443,0.0033521980657729373,0.003257269334453831,0.0031291066182482417,0.0029714561498308673
23.188405797,0.0027889793215313506,0.0027749065215897924,0.0027299548319319167,0.00265548636293563,0.0025537323609952528,0.0024276802172012177,0.0027717566211553175,0.0027237474440207302,0.002646397842542225,0.002542023549488442,0.002413676303767728
23.768115942,0.0014246884848176523,0.001417928904810624,0.0013953255014374079,0.0013575638846244915,0.0013057800874263622,0.0012414998214634013,0.0014154040211209432,0.0013903508765575703,0.00135028631811592,0.0012964121888097856,0.0012303051911239711
24.347826087,0.0008282999674162965,0.0008249061128508649,0.0008121251138652555,0.0007903477079365287,0.0007602382358393725,0.000722695052528917,0.0008222058079239035,0.0008068057922951666,0.0007825712036917236,0.0007502321571063877,0.0007107433307402463
24.927536232,0.0016495296919183738,0.001642291963453825,0.001616345571249624,0.0015724870968396934,0.0015120496831367368,0.0014368331544694186,0.0016378434937413043,0.0016075822834769914,0.0015596695441374125,0.0014955500604096454,0.0014171209036046898
25.507246377,0.003164205972207617,0.0031500035341522053,0.003100084114142493,0.003015981283288828,0.002900237030411581,0.0027562835059978643,0.003142269621921607,0.0030848481867787724,0.002993683537554389,0.0028715254881849167,0.002721979970083429
26.086956522,0.00413070770011642,0.004112960630965398,0.004048642170906102,0.003939732756702791,0.003789515353039646,0.0036024364504591,0.004101357372744884,0.004025784384496955,0.003906272288481311,0.003746429863992719,0.0035509698548290675
26.666666667,0.004023728177029033,0.004008087834823433,0.003947025917502699,0.0038424297367206173,0.003697449325841994,0.0035163741262035685,0.003993485444568588,0.003918262489730844,0.0038003263985726104,0.0036432428924925,0.0034516437074945503
27.246376812,0.0033862475028294575,0.003374658447948422,0.0033247466305905715,0.0032380590158490783,0.0031172096020776496,0.0029657756636861736,0.003359175005389923,0.0032942516208150207,0.0031934343403642717,0.0030597712948337336,0.0028972103900732965
27.826086957,0.0030769537223062572,0.00306628373198898,0.003020765882655015,0.0029418046446960046,0.0028317889211842734,0.0026939786816741703,0.0030524662044482914,0.002993556605821388,0.002902009829525116,0.002780585507574686,0.0026328797013455084
28.405797101,0.0033212562970257238,0.0033073924446197465,0.003256014735525758,0.0031686938149544175,0.003048076538525524,0.0028977392752775845,0.003297202024351809,0.0032359526572288124,0.0031393767764154685,0.003010375231174028,0.0028527728927422924
28.985507246,0.003555895283287749,0.003538558402933714,0.0034811713200002775,0.003385478702126644,0.0032543795247743025,0.00309176211643084,0.003532672836882068,0.003469588635178461,0.0033685747662816,0.0032326628987923525,0.0030658807464748264
29.565217391,0.003129411698608805,0.0031126841844244016,0.00306075433547123,0.002975199041723969,0.002858605682080424,0.0027144339485820285,0.0031104429819846353,0.0030563475744203967,0.0029687841204721842,0.002850386038083631,0.002704659590009549
30.144927536,0.002037306822996866,0.0020256979590588496,0.0019911659551371383,0.0019347618801857285,0.0018581870710910726,0.0017637149715928981,0.0020256481250411204,0.001991072147804676,0.0019346379991535113,0.0018580514403092802,0.0017635809237705003
30.724637681,0.0009264722066293294,0.0009208378694138523,0.000904777939947308,0.0008787848317669354,0.0008436392605791082,0.0008003825871724165,0.00092151294931798,0.0009061092830421235,0.0008807302260152115,0.000846149351215532,0.0008033938007722333
31.304347826,0.0004366814394782611,0.00043397124002027775,0.0004264113717137754,0.0004142347388995834,0.0003978061987913483,0.00037760403833114547,0.00043446147437221433,0.0004273774434189368,0.0004156410664953345,0.00039960745566408596,0.0003797550069225815
31.884057971,0.0006134767358638246,0.0006100281567830822,0.000599858752283589,0.0005832761046406209,0.0005607802541066883,0.0005330206206233477,0.0006101035543100524,0.0006000078292855755,0.0005834920819631743,0.0005610425867824749,0.0005333233053062254
32.463768116,0.0009619683037562099,0.0009566898079273362,0.0009408680291311274,0.0009149778258764382,0.0008798002526542696,0.0008363565197374817,0.0009565494128531727,0.0009405926063753885,0.0009145795961159697,0.0008792743666126962,0.0008357140205648245
33.043478261,0.0009922589395972123,0.0009867882496227155,0.0009704496276761702,0.0009437323551264307,0.000907439899330934,0.000862628973068883,0.0009867021038443315,0.0009702813123008012,0.0009434930857202026,0.0009071261086030557,0.0008622431119489247
33.623188406,0.0006488562896080146,0.0006452255826452475,0.0006345238039964211,0.0006170709886128565,0.0005933880868344246,0.000564164453758125,0.000645310333822491,0.0006346918640030652,0.0006173208714559789,0.0005937104889060203,0.0005645454000191795
34.202898551,0.00024317202331816993,0.00024174872014639238,0.0002377210112871658,0.00023120921541511203,0.00022240355374837938,0.00021155813120901597,0.0002419499291993592,0.00023811796540924434,0.00023178966692837167,0.0002231531515228855,0.00021245478109589296
34.782608696,6.79941249604871e-05,6.753392665316111e-05,6.636554991724715e-05,6.452431357047617e-05,6.20619990141983e-05,5.904701301657021e-05,6.773298548195894e-05,6.675784840923344e-05,6.509606767075564e-05,6.27975791283228e-05,5.99280559679978e-05
35.362318841,0.0001360344598133229,0.00013520845520767935,0.00013287471534222678,0.00012910416553480483,0.00012401056307752168,0.00011773995702374011,0.0001353283139541217,0.00013311081359972956,0.00012944841808875882,0.0001244494343634404,0.00011826446792265767
35.942028986,0.00025295419441405723,0.00025149671650334714,0.0002472069315746596,0.00024021471585806048,0.00023073357190128032,0.00021903910041442125,0.0002515360955277988,0.00024728447900672926,0.00024032882037481357,0.0002308745881700794,0.00021920546655482167
36.52173913,0.0002581766645207368,0.00025670448716920354,0.0002523353510591608,0.0002452014634255439,0.00023552085184838436,0.00022357606338915638,0.0002567081792112051,0.0002523426233855204,0.0002452133590087453,0.00023553165588196157,0.00022358623310097438
37.101449275,0.0001559824675941849,0.00015508443210225756,0.00015242851750863994,0.00014809540849240453,0.0001422174694918074,0.00013496680915862854,0.00015509593452205697,0.00015245115910372684,0.00014812899272699057,0.00014225873175385218,0.00013501409552516653
37.68115942,5.0290268311592224e-05,4.997862330178569e-05,4.908703420480072e-05,4.7643245567630986e-05,4.5691473686417585e-05,4.3289603638382564e-05,5.001257642523179e-05,4.91538413595591e-05,4.7740358773147e-05,4.581606483809165e-05,4.343722625811223e-05
38.260869565,1.1928189339462037e-05,1.1827423810739343e-05,1.1572014495523793e-05,1.1170739328527676e-05,1.06363581361094e-05,9.985824198781053e-06,1.1871025087824188e-05,1.1657762127306214e-05,1.1295113550339776e-05,1.0795893459064732e-05,1.0175432902614407e-05
38.84057971,2.7344825622983057e-05,2.7161638450160903e-05,2.6649579176330754e-05,2.5825260837434792e-05,2.4714734910562917e-05,2.3352128835514437e-05,2.7193296371888543e-05,2.6711767512385687e-05,2.5915340741994104e-05,2.4829196597609763e-05,2.34880124879069e-05
39.420289855,4.609454287915179e-05,4.58177947512066e-05,4.5004296047369275e-05,4.3679732767223364e-05,4.1885425261616e-05,3.967551731315137e-05,4.582591650375205e-05,4.502013856457679e-05,4.3702266916167983e-05,4.19125295869786e-05,3.9707537741979855e-05
40.0,4.254125413034428e-05,4.229722834941192e-05,4.1562826135390626e-05,4.036121579136333e-05,3.872946929991321e-05,3.671674542230788e-05,4.2287363130637834e-05,4.154329445778068e-05,4.033203138526507e-05,3.869055988381926e-05,3.6670551356822977e-05
40.579710145,2.6439474813177026e-05,2.6293415170456574e-05,2.5847825729981514e-05,2.5116889127766843e-05,2.4122595756467596e-05,2.2895097316797697e-05,2.6281541798096616e-05,2.5824407971045986e-05,2.50819616791241e-05,2.4077276802771984e-05,2.2841435713414083e-05
41.15942029,1.4560950311448546e-05,1.4482832053673758e-05,1.4249709671513617e-05,1.3868967907068019e-05,1.3351390734057195e-05,1.2712722172987683e-05,1.4481768958719506e-05,1.4247638260303265e-05,1.3865353249506298e-05,1.3347010219559351e-05,1.270756593654742e-05
41.739130435,1.008467955822453e-05,1.0030561107369341e-05,9.879800864984184e-06,9.636928819561638e-06,9.308396299251612e-06,8.903858966017979e-06,1.004065836286893e-05,9.899733387961954e-06,9.665728140645756e-06,9.345767266674192e-06,8.94814793802607e-06
42.31884058,7.677820063486255e-06,7.638038834231577e-06,7.530816924798072e-06,7.359176590833477e-06,7.1275299853038474e-06,6.842184423769314e-06,7.649106789504967e-06,7.552656375984235e-06,7.390940155444239e-06,7.1684612631940915e-06,6.890832138387732e-06
42.898550725,3.683855062062467e-07,3.683855062062467e-07,3.683855062062467e-07,3.683855062062467e-07,3.683855062062467e-07,3.683855062062467e-07,3.683855062062467e-07,3.683855062062467e-07,3.683855062062467e-07,3.683855062062467e-07,3.683855062062467e-07
43.47826087,3.683855062062467e-07,3.683855062062467e-07,3.683855062062467e-07,3.683855062062467e-07,3.683855062062467e-07,3.683855062062467e-07,3.683855062062467e-07,3.683855062062467e-07,3.683855062062467e-07,3.683855062062467e-07,3.683855062062467e-07
44.057971014,3.683855062062467e-07,3.683855062062467e-07,3.683855062062467e-07,3.683855062062467e-07,3.683855062062467e-07,3.683855062062467e-07,3.683855062062467e-07,3.683855062062467e-07,3.683855062062467e-07,3.683855062062467e-07,3.683855062062467e-07
44.637681159,3.683855062062467e-07,3.683855062062467e-07,3.683855062062467e-07,3.683855062062467e-07,3.683855062062467e-07,3.683855062062467e-07,3.683855062062467e-07,3.683855062062467e-07,3.683855062062467e-07,3.683855062062467e-07,3.683855062062467e-07
45.217391304,3.683855062062467e-07,3.683855062062467e-07,3.683855062062467e-07,3.683855062062467e-07,3.683855062062467e-07,3.683855062062467e-07,3.683855062062467e-07,3.683855062062467e-07,3.683855062062467e-07,3.683855062062467e-07,3.683855062062467e-07
45.797101449,3.683855062062467e-07,3.683855062062467e-07,3.683855062062467e-07,3.683855062062467e-07,3.683855062062467e-07,3.683855062062467e-07,3.683855062062467e-07,3.683855062062467e-07,3.683855062062467e-07,3.683855062062467e-07,3.683855062062467e-07
46.376811594,3.683855062062467e-07,3.683855062062467e-07,3.683855062062467e-07,3.683855062062467e-07,3.683855062062467e-07,3.683855062062467e-07,3.683855062062467e-07,3.683855062062467e-07,3.683855062062467e-07,3.683855062062467e-07,3.683855062062467e-07
46.956521739,3.683855062062467e-07,3.683855062062467e-07,3.683855062062467e-07,3.683855062062467e-07,3.683855062062467e-07,3.683855062062467e-07,3.683855062062467e-07,3.683855062062467e-07,3.683855062062467e-07,3.683855062062467e-07,3.683855062062467e-07
47.536231884,3.683855062062467e-07,3.683855062062467e-07,3.683855062062467e-07,3.683855062062467e-07,3.683855062062467e-07,3.683855062062467e-07,3.683855062062467e-07,3.683855062062467e-07,3.683855062062467e-07,3.683855062062467e-07,3.683855062062467e-07
48.115942029,3.683855062062467e-07,3.683855062062467e-07,3.683855062062467e-07,3.683855062062467e-07,3.683855062062467e-07,3.683855062062467e-07,3.683855062062467e-07,3.683855062062467e-07,3.683855062062467e-07,3.683855062062467e-07,3.683855062062467e-07
48.695652174,3.683855062062467e-07,3.683855062062467e-07,3.683855062062467e-07,3.683855062062467e-07,3.683855062062467e-07,3.683855062062467e-07,3.683855062062467e-07,3.683855062062467e-07,3.683855062062467e-07,3.683855062062467e-07,3.683855062062467e-07
49.275362319,3.683855062062467e-07,3.683855062062467e-07,3.683855062062467e-07,3.683855062062467e-07,3.683855062062467e-07,3.683855062062467e-07,3.683855062062467e-07,3.683855062062467e-07,3.683855062062467e-07,3.683855062062467e-07,3.683855062062467e-07
49.855072464,3.683855062062467e-07,3.683855062062467e-07,3.683855062062467e-07,3.683855062062467e-07,3.683855062062467e-07,3.683855062062467e-07,3.683855062062467e-07,3.683855062062467e-07,3.683855062062467e-07,3.683855062062467e-07,3.683855062062467e-07
50.434782609,3.683855062062467e-07,3.683855062062467e-07,3.683855062062467e-07,3.683855062062467e-07,3.683855062062467e-07,3.683855062062467e-07,3.683855062062467e-07,3.683855062062467e-07,3.683855062062467e-07,3.683855062062467e-07,3.683855062062467e-07
51.014492754,3.683855062062467e-07,3.683855062062467e-07,3.683855062062467e-07,3.683855062062467e-07,3.683855062062467e-07,3.683855062062467e-07,3.683855062062467e-07,3.683855062062467e-07,3.683855062062467e-07,3.683855062062467e-07,3.683855062062467e-07
51.594202899,3.683855062062467e-07,3.683855062062467e-07,3.683855062062467e-07,3.683855062062467e-07,3.683855062062467e-07,3.683855062062467e-07,3.683855062062467e-07,3.683855062062467e-07,3.683855062062467e-07,3.683855062062467e-07,3.683855062062467e-07
52.173913043,3.683855062062467e-07,3.683855062062467e-07,3.683855062062467e-07,3.683855062062467e-07,3.683855062062467e-07,3.683855062062467e-07,3.683855062062467e-07,3.683855062062467e-07,3.683855062062467e-07,3.683855062062467e-07,3.683855062062467e-07
52.753623188,3.683855062062467e-07,3.683855062062467e-07,3.683855062062467e-07,3.683855062062467e-07,3.683855062062467e-07,3.683855062062467e-07,3.683855062062467e-07,3.683855062062467e-07,3.683855062062467e-07,3.683855062062467e-07,3.683855062062467e-07
53.333333333,3.683855062062467e-07,3.683855062062467e-07,3.683855062062467e-07,3.683855062062467e-07,3.683855062062467e-07,3.683855062062467e-07,3.683855062062467e-07,3.683855062062467e-07,3.683855062062467e-07,3.683855062062467e-07,3.683855062062467e-07
53.913043478,3.683855062062467e-07,3.683855062062467e-07,3.683855062062467e-07,3.683855062062467e-07,3.683855062062467e-07,3.683855062062467e-07,3.683855062062467e-07,3.683855062062467e-07,3.683855062062467e-07,3.683855062062467e-07,3.683855062062467e-07
54.492753623,3.683855062062467e-07,3.683855062062467e-07,3.683855062062467e-07,3.683855062062467e-07,3.683855062062467e-07,3.683855062062467e-07,3.683855062062467e-07,3.683855062062467e-07,3.683855062062467e-07,3.683855062062467e-07,3.683855062062467e-07
55.072463768,3.683855062062467e-07,3.683855062062467e-07,3.683855062062467e-07,3.683855062062467e-07,3.683855062062467e-07,3.683855062062467e-07,3.683855062062467e-07,3.683855062062467e-07,3.683855062062467e-07,3.683855062062467e-07,3.683855062062467e-07
55.652173913,3.683855062062467e-07,3.683855062062467e-07,3.683855062062467e-07,3.683855062062467e-07,3.683855062062467e-07,3.683855062062467e-07,3.683855062062467e-07,3.683855062062467e-07,3.683855062062467e-07,3.683855062062467e-07,3.683855062062467e-07
56.231884058,3.683855062062467e-07,3.683855062062467e-07,3.683855062062467e-07,3.683855062062467e-07,3.683855062062467e-07,3.683855062062467e-07,3.683855062062467e-07,3.683855062062467e-07,3.683855062062467e-07,3.683855062062467e-07,3.683855062062467e-07
56.811594203,3.683855062062467e-07,3.683855062062467e-07,3.683855062062467e-07,3.683855062062467e-07,3.683855062062467e-07,3.683855062062467e-07,3.683855062062467e-07,3.683855062062467e-07,3.683855062062467e-07,3.683855062062467e-07,3.683855062062467e-07
57.391304348,3.683855062062467e-07,3.683855062062467e-07,3.683855062062467e-07,3.683855062062467e-07,3.683855062062467e-07,3.683855062062467e-07,3.683855062062467e-07,3.683855062062467e-07,3.683855062062467e-07,3.683855062062467e-07,3.683855062062467e-07
57.971014493,3.683855062062467e-07,3.683855062062467e-07,3.683855062062467e-07,3.683855062062467e-07,3.683855062062467e-07,3.683855062062467e-07,3.683855062062467e-07,3.683855062062467e-07,3.683855062062467e-07,3.683855062062467e-07,3.683855062062467e-07
58.550724638,3.683855062062467e-07,3.683855062062467e-07,3.683855062062467e-07,3.683855062062467e-07,3.683855062062467e-07,3.683855062062467e-07,3.683855062062467e-07,3.683855062062467e-07,3.683855062062467e-07,3.683855062062467e-07,3.683855062062467e-07
59.130434783,3.683855062062467e-07,3.683855062062467e-07,3.683855062062467e-07,3.683855062062467e-07,3.683855062062467e-07,3.683855062062467e-07,3.683855062062467e-07,3.683855062062467e-07,3.683855062062467e-07,3.683855062062467e-07,3.683855062062467e-07
59.710144928,3.683855062062467e-07,3.683855062062467e-07,3.683855062062467e-07,3.683855062062467e-07,3.683855062062467e-07,3.683855062062467e-07,3.683855062062467e-07,3.683855062062467e-07,3.683855062062467e-07,3.683855062062467e-07,3.683855062062467e-07
